1
2
3
4
5
6
7
9
12
13
14
15
16
17
18
19
20
21
22
23
24
26
27
28
29
30
32
33
34
35
36
38
39
40
41
42
44
46
47
48
50
51
52
53
54
56
57
58
59
60
61
63
64
65
66
67
68
70
71
72
79
86
99
123
152
154
155
156
157
158
159
160
161
162
163
231
349
357
358
359
369
402
403
476
503
505
531
568
591
766
767
1038
1042
1060
1061
1062
1063
1064
1081
1082
1147
1161
1167
1174
1177
1178
1185
1187
1217
1221
1223
1225
1438
1439
1447
1565
1567
1571
1585
1593
1599
1601
1673
1984
2284
2295
2300
2311
2312
2313
2315
2319
2323
2359
2367
2441
2442
2457
2464
2466
2500
2501
2514
2594
2609
2612
2628
2633
2642
2649
2652
2653
2658
2662
2664
2665
2666
2667
2669
2672
2679
2686
2690
2702
2711
2819
2825
2834
2847
2848
2854
2873
2875
2887
2889
2894
2902
2918
2939
2967
2987
2997
3003
3009
3013
3024
3026
3056
3130
3234
3250
3284
3289
3811
4321
4478
4509
4653
4958
5051
5057
5058
5059
5061
5063
5069
5070
5072
5104
5105
5119
5399
5409
5440
5578
6541
6929
8678
9000
9668
9791
9800
9818
10093
10113
10114
10117
10118
10119
10267
10351
10363
10381
10599
10665
10679
10685
10686
10688
10704
10720
10730
10759
10792
10932
10945
10970
11000
11132
11151
11189
11313
11474
12009
12178
12469
12715
13117
13200
13744
13844
14079
14775
14776
